-0.000000
0.000113
0.000225
0.000336
0.000446
0.000556
0.000665
0.000772
0.000878
0.000982
0.001084
0.001185
0.001284
0.001381
0.001475
0.001567
0.001657
0.001744
0.001828
0.001909
0.001988
0.002063
0.002135
0.002204
0.002270
0.002332
0.002390
0.002446
0.002497
0.002545
0.002589
0.002629
0.002665
0.002698
0.002726
0.002751
0.002772
0.002788
0.002801
0.002810
0.002815
0.002816
0.002813
0.002807
0.002796
0.002782
0.002764
0.002742
0.002717
0.002689
0.002657
0.002621
0.002583
0.002541
0.002497
0.002449
0.002399
0.002346
0.002291
0.002233
0.002173
0.002111
0.002047
0.001981
0.001914
0.001846
0.001776
0.001705
0.001633
0.001561
0.001488
0.001414
0.001341
0.001267
0.001194
0.001122
0.001050
0.000978
0.000908
0.000839
0.000772
0.000706
0.000642
0.000580
0.000520
0.000463
0.000408
0.000355
0.000306
0.000260
0.000217
0.000178
0.000142
0.000109
0.000081
0.000057
0.000037
0.000021
0.000009
0.000002
0.000000
0.000002
0.000010
0.000022
0.000039
0.000061
0.000088
0.000120
0.000157
0.000200
0.000247
0.000300
0.000358
0.000421
0.000489
0.000562
0.000640
0.000723
0.000811
0.000904
0.001001
0.001103
0.001209
0.001320
0.001435
0.001553
0.001675
0.001801
0.001931
0.002063
0.002199
0.002337
0.002478
0.002621
0.002766
0.002912
0.003060
0.003209
0.003360
0.003510
0.003661
0.003812
0.003962
0.004111
0.004260
0.004406
0.004551
0.004694
0.004834
0.004972
0.005105
0.005236
0.005362
0.005483
0.005600
0.005711
0.005817
0.005917
0.006010
0.006096
0.006176
0.006247
0.006311
0.006366
0.006413
0.006450
0.006478
0.006497
0.006505
0.006502
0.006489
0.006465
0.006429
0.006382
0.006322
0.006251
0.006166
0.006069
0.005959
0.005836
0.005699
0.005549
0.005385
0.005207
0.005015
0.004809
0.004588
0.004353
0.004104
0.003841
0.003562
0.003270
0.002963
0.002642
0.002306
0.001956
0.001592
0.001215
0.000823
0.000418
0.000000
-0.000431
-0.000876
-0.001332
-0.001801
-0.002282
-0.002774
-0.003278
-0.003792
-0.004316
-0.004851
-0.005394
-0.005946
-0.006507
-0.007075
-0.007650
-0.008232
-0.008820
-0.009413
-0.010010
-0.010611
-0.011216
-0.011823
-0.012431
-0.013040
-0.013650
-0.014259
-0.014866
-0.015471
-0.016072
-0.016670
-0.017262
-0.017849
-0.018429
-0.019001
-0.019564
-0.020118
-0.020662
-0.021194
-0.021714
-0.022220
-0.022712
-0.023189
-0.023650
-0.024093
-0.024519
-0.024925
-0.025312
-0.025677
-0.026021
-0.026342
-0.026639
-0.026912
-0.027159
-0.027380
-0.027574
-0.027740
-0.027877
-0.027984
-0.028061
-0.028107
-0.028121
-0.028102
-0.028051
-0.027965
-0.027845
-0.027690
-0.027499
-0.027272
-0.027008
-0.026708
-0.026370
-0.025994
-0.025580
-0.025127
-0.024636
-0.024106
-0.023536
-0.022928
-0.022280
-0.021593
-0.020867
-0.020101
-0.019296
-0.018453
-0.017570
-0.016650
-0.015691
-0.014694
-0.013661
-0.012590
-0.011483
-0.010340
-0.009162
-0.007950
-0.006704
-0.005425
-0.004115
-0.002773
-0.001401
-0.000000
0.001429
0.002885
0.004367
0.005873
0.007403
0.008955
0.010527
0.012118
0.013727
0.015352
0.016992
0.018645
0.020310
0.021983
0.023665
0.025353
0.027046
0.028741
0.030437
0.032131
0.033822
0.035508
0.037187
0.038856
0.040514
0.042159
0.043788
0.045400
0.046992
0.048562
0.050108
0.051628
0.053119
0.054580
0.056008
0.057401
0.058757
0.060074
0.061349
0.062580
0.063765
0.064903
0.065990
0.067025
0.068006
0.068931
0.069797
0.070603
0.071346
0.072025
0.072638
0.073183
0.073659
0.074063
0.074393
0.074649
0.074828
0.074929
0.074951
0.074891
0.074750
0.074525
0.074215
0.073819
0.073336
0.072765
0.072106
0.071356
0.070517
0.069586
0.068563
0.067448
0.066241
0.064941
0.063548
0.062062
0.060482
0.058810
0.057044
0.055187
0.053236
0.051195
0.049062
0.046839
0.044526
0.042125
0.039637
0.037062
0.034402
0.031658
0.028832
0.025926
0.022940
0.019878
0.016740
0.013529
0.010248
0.006897
0.003480
0.000000
-0.003542
-0.007142
-0.010798
-0.014507
-0.018266
-0.022071
-0.025920
-0.029809
-0.033735
-0.037695
-0.041684
-0.045699
-0.049736
-0.053792
-0.057863
-0.061944
-0.066031
-0.070121
-0.074209
-0.078290
-0.082362
-0.086417
-0.090454
-0.094466
-0.098450
-0.102401
-0.106313
-0.110183
-0.114006
-0.117776
-0.121489
-0.125140
-0.128725
-0.132237
-0.135674
-0.139029
-0.142297
-0.145474
-0.148555
-0.151536
-0.154410
-0.157173
-0.159821
-0.162348
-0.164750
-0.167022
-0.169160
-0.171158
-0.173012
-0.174718
-0.176271
-0.177667
-0.178901
-0.179969
-0.180866
-0.181590
-0.182135
-0.182498
-0.182675
-0.182662
-0.182456
-0.182053
-0.181449
-0.180641
-0.179627
-0.178403
-0.176966
-0.175313
-0.173442
-0.171351
-0.169036
-0.166495
-0.163728
-0.160731
-0.157502
-0.154041
-0.150346
-0.146415
-0.142248
-0.137843
-0.133200
-0.128318
-0.123197
-0.117836
-0.112236
-0.106396
-0.100317
-0.093999
-0.087443
-0.080650
-0.073621
-0.066357
-0.058860
-0.051131
-0.043171
-0.034984
-0.026571
-0.017934
-0.009076
-0.000000
0.009291
0.018795
0.028507
0.038425
0.048544
0.058862
0.069373
0.080074
0.090960
0.102028
0.113270
0.124685
0.136266
0.148007
0.159904
0.171951
0.184143
0.196473
0.208936
0.221525
0.234235
0.247058
0.259989
0.273020
0.286147
0.299359
0.312653
0.326019
0.339452
0.352944
0.366487
0.380073
0.393697
0.407349
0.421023
0.434710
0.448403
0.462094
0.475775
0.489438
0.503075
0.516679
0.530240
0.543753
0.557207
0.570596
0.583910
0.597143
0.610286
0.623332
0.636272
0.649099
0.661803
0.674379
0.686818
0.699112
0.711253
0.723235
0.735049
0.746689
0.758146
0.769414
0.780486
0.791354
0.802012
0.812452
0.822669
0.832655
0.842405
0.851912
0.861170
0.870172
0.878913
0.887388
0.895591
0.903517
0.911160
0.918515
0.925579
0.932345
0.938810
0.944969
0.950819
0.956356
0.961575
0.966474
0.971050
0.975298
0.979217
0.982804
0.986057
0.988973
0.991550
0.993788
0.995683
0.997236
0.998445
0.999309
0.999827
1.000000
0.999827
0.999309
0.998445
0.997236
0.995683
0.993788
0.991550
0.988973
0.986057
0.982804
0.979217
0.975298
0.971050
0.966474
0.961575
0.956356
0.950819
0.944970
0.938810
0.932345
0.925579
0.918516
0.911160
0.903517
0.895591
0.887389
0.878913
0.870172
0.861170
0.851912
0.842405
0.832656
0.822669
0.812453
0.802012
0.791354
0.780486
0.769415
0.758147
0.746689
0.735050
0.723235
0.711254
0.699112
0.686818
0.674379
0.661804
0.649099
0.636272
0.623332
0.610287
0.597143
0.583911
0.570596
0.557207
0.543753
0.530241
0.516679
0.503076
0.489438
0.475775
0.462094
0.448403
0.434710
0.421024
0.407350
0.393697
0.380074
0.366487
0.352944
0.339452
0.326020
0.312653
0.299360
0.286147
0.273021
0.259989
0.247058
0.234235
0.221525
0.208936
0.196473
0.184143
0.171952
0.159904
0.148008
0.136266
0.124686
0.113271
0.102028
0.090961
0.080074
0.069373
0.058862
0.048545
0.038425
0.028507
0.018795
0.009292
-0.000000
-0.009076
-0.017934
-0.026570
-0.034984
-0.043171
-0.051131
-0.058860
-0.066357
-0.073621
-0.080650
-0.087443
-0.093999
-0.100317
-0.106396
-0.112236
-0.117836
-0.123197
-0.128318
-0.133200
-0.137843
-0.142248
-0.146415
-0.150346
-0.154041
-0.157502
-0.160730
-0.163728
-0.166495
-0.169036
-0.171351
-0.173442
-0.175313
-0.176966
-0.178403
-0.179627
-0.180641
-0.181449
-0.182053
-0.182456
-0.182662
-0.182675
-0.182498
-0.182135
-0.181590
-0.180866
-0.179969
-0.178901
-0.177667
-0.176271
-0.174718
-0.173012
-0.171158
-0.169160
-0.167022
-0.164750
-0.162348
-0.159821
-0.157173
-0.154410
-0.151536
-0.148556
-0.145474
-0.142297
-0.139029
-0.135674
-0.132238
-0.128725
-0.125140
-0.121489
-0.117776
-0.114006
-0.110183
-0.106313
-0.102401
-0.098450
-0.094466
-0.090454
-0.086418
-0.082362
-0.078291
-0.074209
-0.070121
-0.066031
-0.061944
-0.057863
-0.053792
-0.049736
-0.045699
-0.041684
-0.037695
-0.033735
-0.029809
-0.025920
-0.022071
-0.018266
-0.014507
-0.010798
-0.007142
-0.003542
0.000000
0.003481
0.006897
0.010247
0.013529
0.016740
0.019877
0.022940
0.025926
0.028832
0.031658
0.034402
0.037062
0.039637
0.042125
0.044526
0.046839
0.049062
0.051195
0.053236
0.055187
0.057044
0.058810
0.060482
0.062062
0.063548
0.064941
0.066241
0.067448
0.068563
0.069586
0.070517
0.071356
0.072106
0.072765
0.073336
0.073819
0.074215
0.074525
0.074750
0.074891
0.074951
0.074929
0.074828
0.074649
0.074393
0.074063
0.073659
0.073183
0.072638
0.072025
0.071346
0.070603
0.069797
0.068931
0.068006
0.067025
0.065990
0.064903
0.063765
0.062580
0.061349
0.060074
0.058757
0.057401
0.056008
0.054580
0.053119
0.051628
0.050108
0.048562
0.046992
0.045400
0.043789
0.042159
0.040514
0.038856
0.037187
0.035508
0.033822
0.032131
0.030437
0.028741
0.027046
0.025353
0.023666
0.021984
0.020310
0.018645
0.016992
0.015353
0.013727
0.012118
0.010527
0.008955
0.007403
0.005873
0.004367
0.002885
0.001429
-0.000000
-0.001401
-0.002773
-0.004115
-0.005425
-0.006704
-0.007950
-0.009162
-0.010340
-0.011483
-0.012590
-0.013660
-0.014694
-0.015691
-0.016650
-0.017570
-0.018453
-0.019296
-0.020101
-0.020866
-0.021593
-0.022280
-0.022928
-0.023536
-0.024105
-0.024636
-0.025127
-0.025580
-0.025994
-0.026370
-0.026708
-0.027008
-0.027272
-0.027499
-0.027690
-0.027845
-0.027965
-0.028051
-0.028102
-0.028121
-0.028107
-0.028061
-0.027984
-0.027877
-0.027740
-0.027574
-0.027380
-0.027159
-0.026912
-0.026639
-0.026342
-0.026021
-0.025677
-0.025312
-0.024925
-0.024519
-0.024093
-0.023650
-0.023189
-0.022712
-0.022220
-0.021714
-0.021194
-0.020662
-0.020118
-0.019564
-0.019001
-0.018429
-0.017849
-0.017262
-0.016670
-0.016072
-0.015471
-0.014866
-0.014259
-0.013650
-0.013040
-0.012431
-0.011823
-0.011216
-0.010611
-0.010010
-0.009413
-0.008820
-0.008232
-0.007650
-0.007075
-0.006507
-0.005946
-0.005394
-0.004851
-0.004316
-0.003792
-0.003278
-0.002774
-0.002282
-0.001801
-0.001332
-0.000876
-0.000431
0.000000
0.000418
0.000823
0.001215
0.001592
0.001956
0.002306
0.002642
0.002963
0.003270
0.003562
0.003841
0.004104
0.004353
0.004588
0.004809
0.005015
0.005207
0.005385
0.005549
0.005699
0.005836
0.005959
0.006069
0.006166
0.006251
0.006322
0.006382
0.006429
0.006465
0.006489
0.006502
0.006505
0.006497
0.006478
0.006450
0.006413
0.006366
0.006311
0.006247
0.006176
0.006096
0.006010
0.005917
0.005817
0.005711
0.005600
0.005483
0.005362
0.005236
0.005105
0.004972
0.004834
0.004694
0.004551
0.004406
0.004260
0.004111
0.003962
0.003812
0.003661
0.003510
0.003360
0.003209
0.003060
0.002912
0.002766
0.002621
0.002478
0.002337
0.002199
0.002063
0.001931
0.001801
0.001675
0.001553
0.001435
0.001320
0.001209
0.001103
0.001001
0.000904
0.000811
0.000723
0.000640
0.000562
0.000489
0.000421
0.000358
0.000300
0.000247
0.000200
0.000157
0.000120
0.000088
0.000061
0.000039
0.000022
0.000010
0.000002
0.000000
0.000002
0.000009
0.000021
0.000037
0.000057
0.000081
0.000109
0.000142
0.000178
0.000217
0.000260
0.000306
0.000355
0.000408
0.000463
0.000520
0.000580
0.000642
0.000706
0.000772
0.000839
0.000908
0.000978
0.001050
0.001122
0.001194
0.001267
0.001341
0.001414
0.001488
0.001561
0.001633
0.001705
0.001776
0.001846
0.001914
0.001981
0.002047
0.002111
0.002173
0.002233
0.002291
0.002346
0.002399
0.002449
0.002497
0.002541
0.002583
0.002621
0.002657
0.002689
0.002717
0.002742
0.002764
0.002782
0.002796
0.002807
0.002813
0.002816
0.002815
0.002810
0.002801
0.002788
0.002772
0.002751
0.002726
0.002698
0.002665
0.002629
0.002589
0.002545
0.002497
0.002446
0.002390
0.002332
0.002270
0.002204
0.002135
0.002063
0.001988
0.001909
0.001828
0.001744
0.001657
0.001567
0.001475
0.001381
0.001284
0.001185
0.001084
0.000982
0.000878
0.000772
0.000665
0.000556
0.000446
0.000336
0.000225
0.000113
-0.000000
